07203235
25006189
36808896
48801770
51502631
53100110
58805469
62604094
67304874
69608534
71202295
73504187
79501870
87407233
87604047
92509609
05412400
11714464
14916746
28017056
32912714
36419357
41116136
41915279
50516429
70612025
77516977
04023741
09623850
11622837
16329349
19522760
27824637
29924292
30823047
40228120
63820683
74421556
74826762
78023113
84523355
90121006
91324530
07139693
15636667
23633694
39535148
53434023
83335304
86238634
87030223
97437444
98032770
00344610
01444392
23740905
26348939
32649450
35948370
57141766
62640730
72745717
79845795
83447154
93142796
01754534
08555757
08657188
09050520
34953433
42351048
45451474
45752917
47957920
58551275
58852028
60651043
66056043
72259782
75656307
84053615
03462118
04567926
12160308
22762702
22768982
23963884
25764397
42267509
48061767
59963428
70761074
76263626
99260275
04873647
16474556
17074057
40976518
48975501
54070732
64072192
66079288
69777818
77975218
84474136
86777757
89078174
03287735
07381829
09685481
10181403
14783817
15182960
16482995
17188691
40284546
67685545
76889805
88882566
93185422
98282360
29991968
30091783
71092623
71690933
78893637
78991497
47323874
40131119
44736214
79239515
02743775
64146594
58550560
30485744